E 0 0 0
V 0 0 1
F 80
R 1024 1024
S 50.0 0.0 200.0 60.0
S -150.0 -150.0 400.0 70.0
S -50.0 0.0 600.0 200.0
L -100.0 350.0 150.0
X
T -400 -400 -700 -400 -400 700 400 -400 700 200 200 200
T -400 -400 -700 400 -400 -700 400 -400 700 200 200 200
X
T 400 -400 700 -400 -400 700 400 400 700 200 0 0
T -400 400 700 -400 -400 700 400 400 700 200 0 0
X
T -400 -400 700 -400 -400 -700 -400 400 700 0 200 0
T -400 400 -700 -400 -400 -700 -400 400 700 0 200 0
X
T 400 -400 700 400 -400 -700 400 400 700 0 0 200
T 400 400 -700 400 -400 -700 400 400 700 0 0 200
X