E 0 1 5
V 0 0 -1
F 30
R 512 512
T -1.010000 0.000000 0.990000 1.000000 0.000000 0.990000 1.000000 0.000000 -1.040000 0.725 0.71 0.68
T -1.010000 0.000000 0.990000 1.000000 0.000000 -1.040000 -1.020000 0.000000 -1.040000 0.725 0.71 0.68
T -1.020000 1.990000 0.990000 -1.020000 1.990000 -1.040000 1.000000 1.990000 -1.040000 0.725 0.71 0.68
T -1.020000 1.990000 0.990000 1.000000 1.990000 -1.040000 1.000000 1.990000 0.990000 0.725 0.71 0.68
T -1.020000 0.000000 -1.040000 1.000000 0.000000 -1.040000 1.000000 1.990000 -1.040000 0.725 0.71 0.68
T -1.020000 0.000000 -1.040000 1.000000 1.990000 -1.040000 -1.020000 1.990000 -1.040000 0.725 0.71 0.68
T 1.000000 0.000000 -1.040000 1.000000 0.000000 0.990000 1.000000 1.990000 0.990000 0.14 0.45 0.091
T 1.000000 0.000000 -1.040000 1.000000 1.990000 0.990000 1.000000 1.990000 -1.040000 0.14 0.45 0.091
T -1.010000 0.000000 0.990000 -1.020000 0.000000 -1.040000 -1.020000 1.990000 -1.040000 0.63 0.065 0.05
T -1.010000 0.000000 0.990000 -1.020000 1.990000 -1.040000 -1.020000 1.990000 0.990000 0.63 0.065 0.05
T 0.530000 0.600000 0.750000 0.700000 0.600000 0.170000 0.130000 0.600000 0.000000 0.725 0.71 0.68
T 0.530000 0.600000 0.750000 0.130000 0.600000 0.000000 -0.050000 0.600000 0.570000 0.725 0.71 0.68
T -0.050000 0.000000 0.570000 -0.050000 0.600000 0.570000 0.130000 0.600000 0.000000 0.725 0.71 0.68
T -0.050000 0.000000 0.570000 0.130000 0.600000 0.000000 0.130000 0.000000 0.000000 0.725 0.71 0.68
T 0.530000 0.000000 0.750000 0.530000 0.600000 0.750000 -0.050000 0.600000 0.570000 0.725 0.71 0.68
T 0.530000 0.000000 0.750000 -0.050000 0.600000 0.570000 -0.050000 0.000000 0.570000 0.725 0.71 0.68
T 0.700000 0.000000 0.170000 0.700000 0.600000 0.170000 0.530000 0.600000 0.750000 0.725 0.71 0.68
T 0.700000 0.000000 0.170000 0.530000 0.600000 0.750000 0.530000 0.000000 0.750000 0.725 0.71 0.68
T 0.130000 0.000000 0.000000 0.130000 0.600000 0.000000 0.700000 0.600000 0.170000 0.725 0.71 0.68
T 0.130000 0.000000 0.000000 0.700000 0.600000 0.170000 0.700000 0.000000 0.170000 0.725 0.71 0.68
T 0.700000 0.000000 0.170000 0.700000 0.600000 0.170000 0.530000 0.600000 0.750000 0.725 0.71 0.68
T 0.700000 0.000000 0.170000 0.530000 0.600000 0.750000 0.530000 0.000000 0.750000 0.725 0.71 0.68
T -0.530000 1.200000 0.090000 0.040000 1.200000 -0.090000 -0.140000 1.200000 -0.670000 0.725 0.71 0.68
T -0.530000 1.200000 0.090000 -0.140000 1.200000 -0.670000 -0.710000 1.200000 -0.490000 0.725 0.71 0.68
T -0.530000 0.000000 0.090000 -0.530000 1.200000 0.090000 -0.710000 1.200000 -0.490000 0.725 0.71 0.68
T -0.530000 0.000000 0.090000 -0.710000 1.200000 -0.490000 -0.710000 0.000000 -0.490000 0.725 0.71 0.68
T -0.710000 0.000000 -0.490000 -0.710000 1.200000 -0.490000 -0.140000 1.200000 -0.670000 0.725 0.71 0.68
T -0.710000 0.000000 -0.490000 -0.140000 1.200000 -0.670000 -0.140000 0.000000 -0.670000 0.725 0.71 0.68
T -0.140000 0.000000 -0.670000 -0.140000 1.200000 -0.670000 0.040000 1.200000 -0.090000 0.725 0.71 0.68
T -0.140000 0.000000 -0.670000 0.040000 1.200000 -0.090000 0.040000 0.000000 -0.090000 0.725 0.71 0.68
T 0.040000 0.000000 -0.090000 0.040000 1.200000 -0.090000 -0.530000 1.200000 0.090000 0.725 0.71 0.68
T 0.040000 0.000000 -0.090000 -0.530000 1.200000 0.090000 -0.530000 0.000000 0.090000 0.725 0.71 0.68
T 0.040000 0.000000 -0.090000 0.040000 1.200000 -0.090000 -0.530000 1.200000 0.090000 0.725 0.71 0.68
T 0.040000 0.000000 -0.090000 -0.530000 1.200000 0.090000 -0.530000 0.000000 0.090000 0.725 0.71 0.68
T -0.240000 1.980000 0.160000 -0.240000 1.980000 -0.220000 0.230000 1.980000 -0.220000 0.725 0.71 0.68
T -0.240000 1.980000 0.160000 0.230000 1.980000 -0.220000 0.230000 1.980000 0.160000 0.725 0.71 0.68
L 0.0 1.90 0.0
M 0.8 0.7 0.6 0.7 0.2 0.1 15.0 1 1 2.0